1.95	 14.1696	 80.1974	 45.1401	 0.223174	 2.38421	 0.517258	 0.27555	 0.525833	 0.30358	 0.00347188	 -0.0022191
 -0.00328149																																														
1.949998498	-8.465679169	67.7980423	28.41988564	0.275550425	0.525832713	0.303580374	0.353507429	2.53843236	0.626872778	0.00109003	-0.003314335	-0.006392997

0.01	 1.44484	 15.2538	 8.16428	 0.71641	 1.63	 0.85	 0.27555	 0.525833	 0.30358	 -2.20618e-11	 3.25963e-10	 1.73269e-10																																														
0.01	1.444842935	15.25384235	8.164272308	0.275550425	0.525832713	0.303580374	0.71641016	1.629999638	0.850000143	2.20618E-11	1.62981E-10	-1.73269E-10

0.999999	 1.44485	 15.2539	 8.16428	 1.19588	 8.34465e-07	 0.753648	 0.27555	 0.525833	 0.30358	 6.71309e-10	 3.0268e-09	 1.65843e-09																																														
0.999999344	1.444846511	15.25384617	8.164281845	0.275550425	0.525832713	0.303580374	1.459184766	9.53674E-07	0.877516031	4.88511E-10	2.56114E-09	5.19808E-10

1.49	 -4.05288	 69.854	 43.1854	 -0.138453	 2.18583	 1.09128	 0.27555	 0.525833	 0.30358	 -3.74891e-05	 0.00364033	 0.00695422																																														
1.489998937	-9.227993011	66.67038727	38.52886963	0.275550425	0.525832713	0.303580374	0.193359107	2.247720242	1.122496247	-0.001018676	0.002727409	0.007125249
3.99	 118.839	 123.711	 113.916	 1.68679	 1.07756	 0.350777	 0.27555	 0.525833	 0.30358	 0.0039345	 -0.000320281	 -0.00260554																																												
3.999996662	-54.52555847	-36.00442886	-44.26471329	0.275550425	0.525832713	0.303580374	1.189451337	1.197650433	0.835424304	-0.000311119	-0.006723225	-0.010486343
